40	11829
28	10293
89	13731
58	13935
4	8864
14	6473
59	6009
24	7192
2	7196
38	7195
50	10833
98	11836
48	31260
30	204037
88	11831
36	6849
47	6910
97	8741
49	6913
60	14211
83	9423
27	37055
62	10195
100	6018
52	10597
57	6851
96	31277
72	7035
25	37980
44	7012
34	5968
61	5969
41	39162
45	5961
76	5962
9	5965
16	5918
29	15528
82	14442
10	7020
11	11898
84	6937
37	11893
46	12450
63	8946
13	7157
7	236309
6	5976
78	11899
53	26902
55	9245
54	9244
56	19610
81	19362
1	7014
15	6921
39	5945
8	7159
33	7158
67	8949
86	7156
77	7155
20	37002
85	164496
95	39885
87	5898
35	6402
92	7160
79	7166
64	7167
80	7165
31	8585
94	6891
12	14247
74	21257
32	9180
73	6943
93	7179
69	9222
17	31825
3	37570
26	9428
19	10763
51	10765
66	10767
70	6022
65	9424
68	8928
23	10264
22	10265
21	37876
42	14168
5	24173
18	37374
43	6465
75	6039
90	7182
91	7183
71	7184
99	7185
